# thin > thick, half > full
1 36 36 18 36 36
1 36 36 36 36 36
1 36 36 18 18 18 18 18 36 36
1 36 36 36 0 36 0 36 36 36
1 36 36 18 18 18 18 18 18 18 18 18 36 36
1 36 36 36 0 36 0 36 0 36 0 36 36 36
1 36 36 19 16 20 16 20 16 19 18 18 18 18 18 18 36 36
1 36 36 35 5 27 10 26 10 26 10 27 7 30 4 35 36 36
1 36 36 18 18 18 18 18 18 18 18 18 18 18 18 18 18 18 18 18 36 36
1 36 36 36 4 26 12 24 12 24 12 24 12 25 9 29 5 33 1 36 36 36
1 36 36 18 18 18 18 19 16 20 16 20 16 20 16 20 16 19 18 18 18 18 18 18 36 36
1 36 36 34 7 25 12 24 12 24 12 24 12 24 12 25 8 31 5 30 6 31 2 36 36 36
1 36 36 18 18 18 18 18 18 18 18 18 18 18 18 18 18 18 18 18 18 18 17 19 18 18 18 18 36 36
1 36 36 34 6 27 11 24 12 24 12 24 13 22 14 22 14 22 14 22 14 22 12 27 7 31 3 35 36 36
1 36 36 18 36 36
1 36 36 36 36 36
1 36 36 18 18 18 18 18 36 36
1 36 36 36 0 36 0 36 36 36
1 36 36 18 18 18 18 19 17 18 18 18 36 36
1 36 36 36 0 36 0 36 0 36 0 36 36 36
1 36 36 18 18 18 18 18 18 18 19 17 18 18 18 18 36 36 
1 36 36 36 0 36 0 36 0 36 0 36 0 36 0 36 36 36
1 36 36 18 18 18 18 18 18 18 18 19 16 20 16 19 18 18 18 18 36 36
1 36 36 36 1 33 4 32 4 32 5 30 7 28 8 28 8 30 2 36 36 36
1 36 36 18 18 18 18 18 18 18 18 18 18 18 18 18 18 18 18 18 18 18 18 18 36 36
1 36 36 35 4 29 9 25 12 23 14 22 14 22 14 22 13 23 12 27 7 31 3 35 36 36
1 36 36 18 18 18 18 17 20 16 20 16 20 16 21 14 22 14 22 14 22 14 22 14 21 17 18 18 36 36
1 36 36 36 1 33 6 27 11 24 14 19 18 18 18 18 17 20 16 20 16 20 15 23 10 29 4 35 36 36
