# thin > thick, half > full
1 36 36 18 36 36
1 36 36 36 36 36
1 36 36 18 18 18 18 18 36 36
1 36 36 36 0 36 0 36 36 36
1 36 36 18 18 18 18 18 18 18 18 18 36 36
1 36 36 36 0 36 0 36 0 36 0 36 36 36
1 36 36 18 18 18 18 18 18 18 18 18 18 18 18 18 36 36
1 36 36 35 3 32 4 31 6 30 6 30 6 30 5 34 36 36
1 36 36 18 18 18 18 17 19 18 18 18 18 18 18 18 18 18 18 18 36 36
1 36 36 35 3 31 6 30 6 30 6 29 8 28 8 29 4 35 0 36 36 36
1 36 36 18 18 18 18 18 18 19 16 20 16 19 18 18 18 18 18 18 18 18 18 18 36 36
1 36 36 36 1 33 5 29 10 23 14 22 14 22 14 22 14 22 14 22 13 25 6 35 36 36
1 36 36 18 18 18 18 18 18 18 18 18 18 18 18 18 18 18 18 18 18 18 18 18 18 18 18 18 36 36
1 36 36 36 1 33 5 29 8 27 12 21 16 20 16 20 16 20 16 20 16 21 14 23 11 28 4 35 36 36
1 36 36 18 18 18 18 18 18 18 18 18 18 18 18 18 18 18 18 18 18 18 18 18 18 18 18 18 18 18 18 18 36 36
1 36 36 35 3 30 10 24 13 21 16 20 16 20 17 18 18 18 18 19 15 22 14 22 14 22 12 28 6 31 3 35 36 36
1 36 36 18 36 36
1 36 36 36 36 36
1 36 36 18 18 18 18 18 36 36
1 36 36 36 0 36 0 36 36 36
1 36 36 18 18 18 18 19 17 18 18 18 36 36
1 36 36 36 0 36 0 36 0 36 0 36 36 36
1 36 36 18 18 18 18 18 18 18 18 18 18 18 18 18 36 36
1 36 36 35 2 33 5 30 6 30 5 32 3 34 2 35 36 36
1 36 36 18 18 18 18 18 18 18 18 18 18 18 18 18 18 18 18 18 36 36
1 36 36 34 7 26 10 26 10 26 10 26 10 26 10 27 8 29 4 35 36 36
1 36 36 19 16 20 16 20 17 18 19 16 20 16 20 16 20 16 19 18 18 18 18 18 36 36
1 36 36 32 9 25 13 23 13 22 14 22 14 23 12 25 10 26 10 26 9 29 5 34 36 36
1 36 36 18 18 18 19 16 20 16 20 16 19 18 18 18 18 18 18 18 18 18 18 18 18 18 17 19 36 36
1 36 36 35 4 29 8 27 11 24 12 24 14 20 16 20 16 20 16 20 15 23 12 26 7 30 5 34 36 36
1 36 36 18 18 18 17 20 16 20 15 22 14 22 14 22 15 20 16 20 16 20 16 20 16 20 16 20 16 20 16 19 36 36
1 36 36 34 7 23 17 18 18 18 18 18 18 18 18 18 18 18 18 18 18 19 17 19 13 27 8 29 5 33 2 35 36 36
